1.226140286625366560e+00
1.225796956523357295e+00
1.210449798912856867e+00
1.219522227804198611e+00
1.158970636732684856e+00
1.028102876991661585e+00
8.962530060438074209e-01
7.898060281327321519e-01
7.149941918206286218e-01
6.434626457267209609e-01
5.554876738508838230e-01
4.578745054005000092e-01
3.308718993324288871e-01
1.954906590645067999e-01
1.237111028206718810e-01
8.479111706236303059e-02
5.810199289512868459e-02
4.206539052383534427e-02
3.268366971479183536e-02
2.560328856900134786e-02
1.809938627622297014e-02
1.500148620382853876e-02
1.152613863071419442e-02
8.382002698610509228e-03
5.576597872180732995e-03
4.170103533512237517e-03
3.508862665856895408e-03
3.092749895925304970e-03
2.811462101130088494e-03
2.640425543900771707e-03
2.420842891090475152e-03
2.225217571784663707e-03
1.737188643200264938e-03
1.384365285172758486e-03
1.134110002575345342e-03
1.050525720178676530e-03
9.406651291409259602e-04
8.066578975255084619e-04
6.771176369198413873e-04
6.316301895273890039e-04
9.341804567444236991e-04
1.237673777794216085e-03
1.101561920958189951e-03
1.084790957810305868e-03
1.307914745049402897e-03
1.910200227033651997e-03
1.550003514920358406e-02
3.433799981134399992e-02
5.646895770445557738e-02
8.014217681810049954e-02
1.095834807901961000e-01
1.290272906872755865e-01
1.313903980820841644e-01
1.300574563645354731e-01
1.218405901251676526e-01
1.092745108853822728e-01
9.827041202368332062e-02
8.928324447689113541e-02
8.077086114853124221e-02
7.241605363398878614e-02
6.392277753064404267e-02
5.541503033607921014e-02
4.737602782718336458e-02
4.005124506467509782e-02
3.331813735988141401e-02
2.717215564370127970e-02
2.202174192646877415e-02
1.543029445092118646e-02
1.424893325558540189e-02
1.611943149069073461e-02
1.853069136438701900e-02
2.029879909338991664e-02
2.282529165711805891e-02
2.743510175708192139e-02
3.610932746823676542e-02
4.524727075631738982e-02
5.229593805616856994e-02
5.652310203730773197e-02
5.746012131493589276e-02
5.552232617144440413e-02
5.268979243041668065e-02
5.012897228026674118e-02
4.801004004268995956e-02
4.171053605476246484e-02
3.073591742913438923e-02
2.490355130851592408e-02
2.199328143210289160e-02
2.016656958566581670e-02
1.888174203737809712e-02
1.772726199350563997e-02
1.664524915086666029e-02
1.556963180595144318e-02
1.447272364147478632e-02
1.236339776345565453e-02
1.051042002445633575e-02
8.937425710660824169e-03
7.665983255736556409e-03
6.697819147342885110e-03
5.153389844760702769e-03
4.098538006444069765e-03
3.340654255642170386e-03
2.920833594175784812e-03
2.414335603441126587e-03
2.078046632509152752e-03
1.847592567013623668e-03
1.595773550885588648e-03
1.043311203134130501e-03
2.619809062583511143e-04
4.196867090921963439e-05
