1.682798484373595249e+00
1.571685054472303333e+00
1.591463177479559565e+00
1.647770694067475894e+00
1.685707595417810678e+00
1.697239617171409920e+00
1.708978150519857131e+00
1.736072724183468807e+00
1.759603261548195130e+00
1.753167934003739159e+00
1.685696407267030406e+00
1.560094240119345610e+00
1.313144500671878934e+00
9.633846447428480175e-01
7.118287777838295805e-01
5.288239690407815496e-01
3.939603216200391334e-01
2.956775886423196331e-01
2.244635242637611772e-01
1.727220678935339204e-01
1.069917650230152034e-01
7.031331332627294151e-02
4.869063898352666425e-02
3.503329921593986707e-02
2.588201965017379244e-02
1.952406577820123279e-02
1.493885079158952835e-02
1.157080821904002930e-02
9.108889349009564526e-03
7.260715579319899395e-03
5.839839171208564134e-03
4.751567285089684442e-03
3.223372583980163228e-03
2.245788913490641501e-03
1.616680990057109109e-03
1.192426698047036309e-03
8.962838059693452970e-04
4.700598512241034046e-04
2.695153888305434572e-04
1.639450177739900467e-04
1.025734480617914677e-04
6.654856790130128923e-05
4.390906834632164003e-05
2.937679590484217613e-05
1.930658586589239137e-05
1.235039577865614061e-05
6.838981444304882842e-06
4.892233279540312633e-06
3.273068006751946550e-06
2.277988827533885143e-06
2.186214497158298064e-06
3.345732388936968540e-06
5.734464357215987567e-06
8.813509631987188396e-06
1.174543897751641276e-05
1.391922339281549686e-05
1.501205158147470377e-05
1.503442968523280404e-05
1.463155022566157846e-05
1.401500097163110465e-05
1.299373000389523112e-05
1.190776186397647227e-05
1.086986776399101833e-05
9.901635260710953498e-06
8.864854182378686888e-06
7.869793940537564439e-06
6.866124622582950898e-06
4.648903635041519254e-06
3.038436140153494456e-06
2.099837019393024479e-06
1.625937836472935762e-06
1.273721622122090966e-06
9.641539074939686498e-07
9.432514235650572734e-07
1.228057785593522986e-06
1.705784181212619396e-06
2.041436067241814481e-06
2.198828407544581882e-06
2.175811459791305959e-06
2.031545919333409290e-06
1.864172047018042871e-06
1.700346725553790386e-06
1.549476384281579415e-06
1.275090468414299294e-06
1.070019926796562057e-06
9.207749608475029961e-07
8.010747917788442285e-07
6.933717008421175557e-07
5.967768525061960379e-07
5.150743640229379903e-07
4.447537138140092282e-07
3.862190674133701609e-07
3.332109432975306824e-07
2.505785387941952983e-07
1.924421705328244127e-07
1.500129743400073561e-07
1.197865309209930865e-07
9.603303209777860550e-08
5.886805980999642211e-08
3.841915066912342711e-08
2.610029754817839295e-08
1.834368079460520366e-08
1.323952860432142484e-08
9.798464770199017219e-09
7.407690131512567628e-09
5.705033487174098460e-09
2.317743203797860080e-09
1.432824186459845621e-10
3.656627960075061041e-12
