# Taken from: Dorschner, J., Begemann, B., Henning, T., Jaeger, C., & Mutschke, H. (1995), A&A, 300, 503
#          x=1.0                 x=0.95                x=0.8                 x=0.7                 x=0.6                 x=0.5                 x=0.4                 y=0.5                 y=0.4
# w(um)    n          k          n          k          n          k          n          k          n          k          n          k          n          k          n          k          n          k
2.0000e-01 1.6920e+00 2.9592e-03 1.7490e+00 3.8347e-02 1.7390e+00 4.7800e-02 1.6960e+00 3.2700e-02 1.7230e+00 1.2900e-01 1.6920e+00 1.2600e-01 1.6960e+00 1.2700e-01 1.6390e+00 2.5300e-01 1.7180e+00 2.7900e-01
2.2000e-01 1.6600e+00 2.0495e-03 1.7060e+00 2.8155e-02 1.7100e+00 5.9000e-02 1.6730e+00 5.7100e-02 1.7070e+00 1.6600e-01 1.6820e+00 1.5900e-01 1.6930e+00 1.6500e-01 1.6460e+00 2.9700e-01 1.7270e+00 3.2100e-01
2.4000e-01 1.6420e+00 1.3528e-03 1.6800e+00 1.9995e-02 1.6930e+00 5.7300e-02 1.6660e+00 6.5800e-02 1.7030e+00 1.7000e-01 1.6830e+00 1.7100e-01 1.6980e+00 1.7300e-01 1.6740e+00 3.0600e-01 1.7550e+00 3.2600e-01
2.6000e-01 1.6260e+00 8.4042e-04 1.6600e+00 1.3638e-02 1.6800e+00 5.4600e-02 1.6660e+00 7.2000e-02 1.7050e+00 1.6700e-01 1.6920e+00 1.7200e-01 1.7070e+00 1.7400e-01 1.6990e+00 2.9800e-01 1.7780e+00 3.1400e-01
2.8000e-01 1.6150e+00 4.8337e-04 1.6460e+00 8.8550e-03 1.6720e+00 5.2100e-02 1.6700e+00 7.1000e-02 1.7100e+00 1.5900e-01 1.7030e+00 1.6600e-01 1.7170e+00 1.6500e-01 1.7200e+00 2.8400e-01 1.7970e+00 2.9800e-01
3.0000e-01 1.6060e+00 2.5284e-04 1.6360e+00 5.4170e-03 1.6680e+00 4.5300e-02 1.6740e+00 6.5200e-02 1.7140e+00 1.4700e-01 1.7130e+00 1.5500e-01 1.7240e+00 1.5500e-01 1.7390e+00 2.6800e-01 1.8150e+00 2.7900e-01
3.2000e-01 1.5980e+00 1.2000e-04 1.6260e+00 3.0950e-03 1.6620e+00 3.6600e-02 1.6770e+00 5.6200e-02 1.7190e+00 1.3100e-01 1.7220e+00 1.4000e-01 1.7310e+00 1.4500e-01 1.7560e+00 2.4900e-01 1.8320e+00 2.5700e-01
3.4000e-01 1.5920e+00 5.6000e-05 1.6180e+00 1.6600e-03 1.6550e+00 2.9300e-02 1.6760e+00 4.4300e-02 1.7180e+00 1.1400e-01 1.7260e+00 1.2100e-01 1.7390e+00 1.3000e-01 1.7700e+00 2.2700e-01 1.8430e+00 2.3200e-01
3.6000e-01 1.5910e+00 3.2000e-05 1.6110e+00 8.8300e-04 1.6470e+00 2.0000e-02 1.6710e+00 3.4300e-02 1.7140e+00 9.8800e-02 1.7230e+00 1.0400e-01 1.7420e+00 1.1200e-01 1.7780e+00 2.0400e-01 1.8490e+00 2.0600e-01
3.8000e-01 1.5900e+00 2.3000e-05 1.6060e+00 5.3500e-04 1.6410e+00 1.2000e-02 1.6660e+00 2.7300e-02 1.7090e+00 8.2100e-02 1.7190e+00 9.0600e-02 1.7390e+00 9.5800e-02 1.7820e+00 1.8200e-01 1.8500e+00 1.8300e-01
4.0000e-01 1.5870e+00 2.0000e-05 1.6020e+00 4.0000e-04 1.6350e+00 7.0000e-03 1.6600e+00 2.2400e-02 1.7030e+00 6.9800e-02 1.7140e+00 8.0000e-02 1.7340e+00 8.3400e-02 1.7830e+00 1.6300e-01 1.8470e+00 1.6300e-01
4.2000e-01 1.5860e+00 2.0000e-05 1.5990e+00 3.3800e-04 1.6290e+00 3.5000e-03 1.6550e+00 1.6000e-02 1.6980e+00 6.0600e-02 1.7090e+00 7.0900e-02 1.7290e+00 7.4100e-02 1.7820e+00 1.4600e-01 1.8430e+00 1.4700e-01
4.5000e-01 1.5830e+00 2.0000e-05 1.5950e+00 3.0900e-04 1.6230e+00 2.2600e-03 1.6490e+00 1.0500e-02 1.6900e+00 4.6700e-02 1.7020e+00 5.9600e-02 1.7210e+00 6.3700e-02 1.7770e+00 1.2600e-01 1.8350e+00 1.2700e-01
5.0000e-01 1.5770e+00 2.1000e-05 1.5890e+00 2.9000e-04 1.6130e+00 1.7900e-03 1.6390e+00 5.7000e-03 1.6780e+00 2.9100e-02 1.6880e+00 4.4800e-02 1.7090e+00 5.1500e-02 1.7680e+00 1.0100e-01 1.8230e+00 1.0400e-01
5.5000e-01 1.5760e+00 2.2000e-05 1.5870e+00 3.0200e-04 1.6100e+00 1.6500e-03 1.6350e+00 4.2000e-03 1.6750e+00 2.1100e-02 1.6830e+00 3.4000e-02 1.7040e+00 4.0800e-02 1.7580e+00 8.4400e-02 1.8110e+00 8.9200e-02
6.0000e-01 1.5730e+00 2.4000e-05 1.5840e+00 3.1000e-04 1.6060e+00 1.5500e-03 1.6320e+00 3.5000e-03 1.6680e+00 1.5800e-02 1.6800e+00 2.7100e-02 1.6990e+00 3.3200e-02 1.7500e+00 7.3400e-02 1.8010e+00 7.9600e-02
6.5000e-01 1.5690e+00 2.6000e-05 1.5800e+00 3.2700e-04 1.6020e+00 1.4900e-03 1.6290e+00 3.2000e-03 1.6630e+00 1.2100e-02 1.6750e+00 2.1200e-02 1.6930e+00 2.7000e-02 1.7430e+00 6.6000e-02 1.7930e+00 7.3700e-02
7.0000e-01 1.5660e+00 2.7000e-05 1.5770e+00 3.5100e-04 1.5980e+00 1.4500e-03 1.6250e+00 3.0000e-03 1.6600e+00 1.0100e-02 1.6710e+00 1.7300e-02 1.6900e+00 2.3700e-02 1.7370e+00 6.1600e-02 1.7860e+00 7.0500e-02
7.5000e-01 1.5670e+00 2.9000e-05 1.5730e+00 3.8400e-04 1.5970e+00 1.4200e-03 1.6220e+00 2.8700e-03 1.6580e+00 8.8000e-03 1.6700e+00 1.5000e-02 1.6890e+00 2.0900e-02 1.7320e+00 5.9400e-02 1.7800e+00 6.9600e-02
8.0000e-01 1.5640e+00 3.1000e-05 1.5730e+00 4.2300e-04 1.5960e+00 1.4200e-03 1.6230e+00 2.8000e-03 1.6550e+00 7.9000e-03 1.6710e+00 1.3000e-02 1.6880e+00 1.8800e-02 1.7280e+00 5.8900e-02 1.7750e+00 7.0500e-02
9.0000e-01 1.5620e+00 3.4000e-05 1.5670e+00 5.0700e-04 1.5930e+00 1.4700e-03 1.6190e+00 2.7300e-03 1.6560e+00 7.1000e-03 1.6730e+00 1.1000e-02 1.6870e+00 1.7400e-02 1.7240e+00 6.2400e-02 1.7690e+00 7.7000e-02
1.0000e+00 1.5590e+00 3.7000e-05 1.5650e+00 5.8100e-04 1.5880e+00 1.5300e-03 1.6150e+00 2.6900e-03 1.6450e+00 6.5000e-03 1.6650e+00 1.0600e-02 1.6810e+00 1.7500e-02 1.7260e+00 6.8700e-02 1.7700e+00 8.6900e-02
1.1000e+00 1.5550e+00 3.9000e-05 1.5610e+00 6.2300e-04 1.5840e+00 1.5100e-03 1.6130e+00 2.5500e-03 1.6410e+00 5.7000e-03 1.6640e+00 9.3000e-03 1.6850e+00 1.6100e-02 1.7340e+00 7.3900e-02 1.7780e+00 9.6700e-02
1.2000e+00 1.5510e+00 4.1000e-05 1.5570e+00 6.4500e-04 1.5850e+00 1.4300e-03 1.6140e+00 2.3100e-03 1.6400e+00 4.4000e-03 1.6630e+00 7.6000e-03 1.6770e+00 1.3800e-02 1.7450e+00 7.5300e-02 1.7900e+00 1.0300e-01
1.3000e+00 1.5460e+00 4.3000e-05 1.5610e+00 6.3000e-04 1.5740e+00 1.3000e-03 1.6050e+00 2.0700e-03 1.6350e+00 3.6000e-03 1.6590e+00 5.6000e-03 1.6740e+00 1.1200e-02 1.7560e+00 7.2700e-02 1.8050e+00 1.0500e-01
1.4000e+00 1.5490e+00 4.5000e-05 1.5600e+00 6.1700e-04 1.5830e+00 1.1700e-03 1.6130e+00 1.8400e-03 1.6380e+00 3.1000e-03 1.6590e+00 4.6000e-03 1.6860e+00 9.1000e-03 1.7660e+00 6.7300e-02 1.8180e+00 1.0200e-01
1.5000e+00 1.5400e+00 4.6000e-05 1.5490e+00 6.3400e-04 1.5700e+00 1.1100e-03 1.6020e+00 1.7300e-03 1.6290e+00 2.7000e-03 1.6530e+00 4.2000e-03 1.6700e+00 8.2000e-03 1.7730e+00 6.0600e-02 1.8300e+00 9.6600e-02
1.6000e+00 1.5400e+00 4.8000e-05 1.5460e+00 6.4700e-04 1.5740e+00 1.1000e-03 1.6040e+00 1.7000e-03 1.6310e+00 2.6000e-03 1.6520e+00 4.0000e-03 1.6640e+00 7.9000e-03 1.7770e+00 5.3800e-02 1.8390e+00 8.9700e-02
1.7000e+00 1.5390e+00 4.9000e-05 1.5470e+00 6.7700e-04 1.5700e+00 1.1400e-03 1.6000e+00 1.7300e-03 1.6280e+00 2.7000e-03 1.6490e+00 3.9000e-03 1.6660e+00 7.8000e-03 1.7810e+00 4.7300e-02 1.8460e+00 8.2500e-02
1.8000e+00 1.5370e+00 5.1000e-05 1.5470e+00 6.8400e-04 1.5660e+00 1.1700e-03 1.5960e+00 1.7600e-03 1.6220e+00 2.7000e-03 1.6430e+00 3.9000e-03 1.6630e+00 8.0000e-03 1.7840e+00 4.1400e-02 1.8500e+00 7.5400e-02
1.9000e+00 1.5310e+00 5.3000e-05 1.5410e+00 7.1400e-04 1.5620e+00 1.1600e-03 1.5920e+00 1.7500e-03 1.6220e+00 2.7000e-03 1.6410e+00 3.8000e-03 1.6480e+00 7.8000e-03 1.7850e+00 3.6300e-02 1.8530e+00 6.9100e-02
2.0000e+00 1.5280e+00 5.5000e-05 1.5410e+00 6.9600e-04 1.5690e+00 1.1400e-03 1.5930e+00 1.7200e-03 1.6200e+00 2.5000e-03 1.6400e+00 3.7000e-03 1.6490e+00 7.4000e-03 1.7860e+00 3.1500e-02 1.8560e+00 6.2900e-02
2.2000e+00 1.5330e+00 5.8000e-05 1.5450e+00 7.1300e-04 1.5650e+00 1.0500e-03 1.5830e+00 1.5500e-03 1.6200e+00 2.3000e-03 1.6340e+00 3.2000e-03 1.6460e+00 6.5000e-03 1.7850e+00 2.2800e-02 1.8660e+00 5.1700e-02
2.4000e+00 1.5240e+00 5.9000e-05 1.5370e+00 7.4200e-04 1.5610e+00 9.7600e-04 1.5800e+00 1.4000e-03 1.6180e+00 2.0000e-03 1.6310e+00 2.8000e-03 1.6440e+00 6.1000e-03 1.7800e+00 1.6400e-02 1.8590e+00 4.3000e-02
2.6000e+00 1.5240e+00 6.2000e-05 1.5370e+00 7.8100e-04 1.5590e+00 9.6500e-04 1.5820e+00 1.3400e-03 1.6180e+00 1.9000e-03 1.6300e+00 2.5000e-03 1.6420e+00 5.8000e-03 1.7770e+00 1.3900e-02 1.8580e+00 3.6400e-02
2.8000e+00 1.5230e+00 6.5000e-05 1.5330e+00 8.6400e-04 1.5570e+00 1.0400e-03 1.5770e+00 1.3800e-03 1.6130e+00 2.0000e-03 1.6260e+00 2.5000e-03 1.6380e+00 5.7000e-03 1.7740e+00 1.2500e-02 1.8530e+00 3.2000e-02
3.0000e+00 1.5180e+00 6.9000e-05 1.5250e+00 8.9300e-04 1.5520e+00 1.0400e-03 1.5740e+00 1.3700e-03 1.6070e+00 1.9000e-03 1.6210e+00 2.4000e-03 1.6350e+00 5.6000e-03 1.7700e+00 1.1800e-02 1.8460e+00 2.9400e-02
3.5000e+00 1.5120e+00 7.7000e-05 1.5180e+00 9.8900e-04 1.5440e+00 1.0600e-03 1.5640e+00 1.3700e-03 1.6010e+00 1.9000e-03 1.6100e+00 2.4000e-03 1.6270e+00 5.5000e-03 1.7570e+00 1.0200e-02 1.8360e+00 2.6100e-02
4.0000e+00 1.5080e+00 9.8000e-05 1.5110e+00 1.0100e-03 1.5340e+00 1.0900e-03 1.5600e+00 1.3800e-03 1.5930e+00 2.0000e-03 1.6020e+00 2.3000e-03 1.6150e+00 5.5000e-03 1.7470e+00 9.1000e-03 1.8280e+00 2.3300e-02
4.5000e+00 1.4990e+00 2.5400e-04 1.4970e+00 1.2300e-03 1.5190e+00 1.2600e-03 1.5490e+00 1.5000e-03 1.5840e+00 2.1000e-03 1.5900e+00 2.4000e-03 1.6010e+00 5.5000e-03 1.7350e+00 8.6000e-03 1.8190e+00 2.1700e-02
5.0000e+00 1.4830e+00 1.7200e-03 1.4800e+00 2.8800e-03 1.5000e+00 2.8100e-03 1.5340e+00 3.0100e-03 1.5650e+00 3.6000e-03 1.5720e+00 3.9000e-03 1.5820e+00 7.2000e-03 1.7130e+00 8.9000e-03 1.8050e+00 2.1300e-02
5.5000e+00 1.4600e+00 2.9900e-03 1.4530e+00 4.3600e-03 1.4780e+00 4.3700e-03 1.5110e+00 4.4900e-03 1.5440e+00 5.0000e-03 1.5500e+00 5.6000e-03 1.5600e+00 8.7000e-03 1.6900e+00 9.6000e-03 1.7800e+00 2.1600e-02
6.0000e+00 1.4270e+00 3.0600e-03 1.4210e+00 4.3700e-03 1.4450e+00 4.2600e-03 1.4760e+00 4.3500e-03 1.5090e+00 4.9000e-03 1.5140e+00 5.3000e-03 1.5260e+00 8.5000e-03 1.6610e+00 9.5000e-03 1.7500e+00 2.1000e-02
6.5000e+00 1.3900e+00 3.6200e-03 1.3800e+00 4.9000e-03 1.4070e+00 4.7800e-03 1.4420e+00 4.7300e-03 1.4720e+00 5.2000e-03 1.4750e+00 5.5000e-03 1.4880e+00 8.4000e-03 1.6280e+00 9.5000e-03 1.7200e+00 2.0400e-02
7.0000e+00 1.3470e+00 4.6800e-03 1.3280e+00 6.0100e-03 1.3640e+00 5.9800e-03 1.3920e+00 6.0300e-03 1.4190e+00 6.4000e-03 1.4260e+00 6.9000e-03 1.4300e+00 9.6000e-03 1.5820e+00 1.0200e-02 1.6710e+00 2.0600e-02
7.5000e+00 1.2730e+00 7.5800e-03 1.2460e+00 9.1700e-03 1.2860e+00 9.0600e-03 1.3120e+00 9.0300e-03 1.3370e+00 9.6000e-03 1.3420e+00 1.0200e-02 1.3410e+00 1.3000e-02 1.5250e+00 1.1700e-02 1.6120e+00 2.1600e-02
8.0000e+00 1.1260e+00 8.0000e-02 1.0880e+00 5.5000e-02 1.1240e+00 6.0000e-02 1.1550e+00 7.5000e-02 1.1820e+00 8.0000e-02 1.1790e+00 8.0000e-02 1.1500e+00 8.0000e-02 1.4320e+00 1.8000e-02 1.5040e+00 3.6000e-02
8.2000e+00 1.0340e+00 1.7300e-01 9.8900e-01 1.3500e-01 1.0300e+00 1.4900e-01 1.0730e+00 1.7300e-01 1.1090e+00 1.6100e-01 1.1000e+00 1.7400e-01 1.0830e+00 1.9800e-01 1.3770e+00 2.9300e-02 1.4320e+00 7.7200e-02
8.4000e+00 9.6400e-01 2.8200e-01 9.2200e-01 2.5500e-01 9.7000e-01 2.6100e-01 1.0150e+00 2.7400e-01 1.0500e+00 2.5800e-01 1.0490e+00 2.8400e-01 1.0440e+00 3.0400e-01 1.3110e+00 6.8900e-02 1.3750e+00 1.4600e-01
8.6000e+00 9.3500e-01 4.0500e-01 8.9400e-01 3.8200e-01 9.4300e-01 3.8200e-01 9.8700e-01 3.9000e-01 1.0160e+00 3.7500e-01 1.0230e+00 4.0200e-01 1.0180e+00 4.3000e-01 1.2400e+00 1.3000e-01 1.3420e+00 2.2300e-01
8.8000e+00 9.2700e-01 5.3700e-01 8.8600e-01 5.1200e-01 9.3400e-01 5.1600e-01 9.7400e-01 5.2000e-01 1.0110e+00 5.1800e-01 1.0240e+00 5.5000e-01 1.0300e+00 6.0400e-01 1.1780e+00 2.0900e-01 1.3250e+00 3.0500e-01
9.0000e+00 9.4600e-01 6.8300e-01 9.0700e-01 6.5700e-01 9.7200e-01 6.5900e-01 1.0140e+00 6.7000e-01 1.0850e+00 6.3500e-01 1.1120e+00 6.9000e-01 1.1740e+00 7.3100e-01 1.1310e+00 3.2200e-01 1.3160e+00 3.8800e-01
9.2000e+00 1.0210e+00 8.3800e-01 9.6900e-01 8.0700e-01 1.0380e+00 7.8900e-01 1.0850e+00 7.9600e-01 1.1240e+00 7.2400e-01 1.1950e+00 7.6500e-01 1.2710e+00 7.6800e-01 1.1180e+00 4.5100e-01 1.3310e+00 4.7300e-01
9.4000e+00 1.1360e+00 9.7000e-01 1.0790e+00 9.3900e-01 1.1410e+00 9.0700e-01 1.1970e+00 9.0400e-01 1.1970e+00 8.3300e-01 1.2820e+00 8.3700e-01 1.3520e+00 8.0700e-01 1.1450e+00 5.7900e-01 1.3590e+00 5.6000e-01
9.6000e+00 1.2920e+00 1.0600e+00 1.2260e+00 1.0400e+00 1.2790e+00 9.9200e-01 1.3280e+00 9.6300e-01 1.3120e+00 9.1400e-01 1.3920e+00 8.9100e-01 1.4400e+00 8.3600e-01 1.2050e+00 6.9300e-01 1.4040e+00 6.3800e-01
9.8000e+00 1.4680e+00 1.1100e+00 1.3970e+00 1.0900e+00 1.4340e+00 1.0300e+00 1.4500e+00 9.8900e-01 1.4400e+00 9.4900e-01 1.5030e+00 9.0600e-01 1.5290e+00 8.4100e-01 1.2840e+00 7.8800e-01 1.4690e+00 7.0700e-01
1.0000e+01 1.6390e+00 1.0900e+00 1.5610e+00 1.0800e+00 1.5720e+00 1.0200e+00 1.5660e+00 9.9300e-01 1.5440e+00 9.5400e-01 1.5910e+00 9.0000e-01 1.5930e+00 8.3300e-01 1.3860e+00 8.5900e-01 1.5430e+00 7.5800e-01
1.0200e+01 1.7820e+00 1.0400e+00 1.7090e+00 1.0400e+00 1.6900e+00 9.8300e-01 1.6720e+00 9.8100e-01 1.6420e+00 9.5300e-01 1.6700e+00 8.9500e-01 1.6520e+00 8.3500e-01 1.4910e+00 9.0000e-01 1.6230e+00 7.9100e-01
1.0400e+01 1.9020e+00 9.6300e-01 1.8260e+00 9.7600e-01 1.7880e+00 9.3900e-01 1.7790e+00 9.6400e-01 1.7340e+00 9.4100e-01 1.7490e+00 8.8400e-01 1.7200e+00 8.3700e-01 1.5910e+00 9.2500e-01 1.7030e+00 8.0900e-01
1.0600e+01 1.9950e+00 8.8000e-01 1.9260e+00 9.0100e-01 1.8780e+00 8.8700e-01 1.8790e+00 9.1600e-01 1.8260e+00 9.1800e-01 1.8310e+00 8.6500e-01 1.7940e+00 8.2700e-01 1.6990e+00 9.3600e-01 1.7820e+00 8.1500e-01
1.0800e+01 2.0760e+00 7.8200e-01 2.0080e+00 8.0800e-01 1.9580e+00 8.2000e-01 1.9660e+00 8.5700e-01 1.9180e+00 8.8200e-01 1.9150e+00 8.3100e-01 1.8720e+00 8.0500e-01 1.8100e+00 9.1400e-01 1.8650e+00 8.1300e-01
1.1000e+01 2.1200e+00 6.6400e-01 2.0660e+00 7.0200e-01 2.0250e+00 7.3600e-01 2.0370e+00 7.8000e-01 2.0060e+00 8.2100e-01 1.9920e+00 7.7500e-01 1.9470e+00 7.6200e-01 1.9030e+00 8.7400e-01 1.9510e+00 7.8400e-01
1.1200e+01 2.1440e+00 5.5100e-01 2.0960e+00 5.9600e-01 2.0690e+00 6.4400e-01 2.0910e+00 6.9100e-01 2.0710e+00 7.4100e-01 2.0550e+00 7.0200e-01 2.0100e+00 7.0000e-01 1.9850e+00 8.2100e-01 2.0230e+00 7.3800e-01
1.1400e+01 2.1410e+00 4.3900e-01 2.1040e+00 4.8200e-01 2.0970e+00 5.4600e-01 2.1290e+00 5.9700e-01 2.1200e+00 6.4900e-01 2.0970e+00 6.1700e-01 2.0560e+00 6.2900e-01 2.0610e+00 7.5400e-01 2.0860e+00 6.7700e-01
1.1600e+01 2.1150e+00 3.2600e-01 2.0880e+00 3.7500e-01 2.0990e+00 4.4100e-01 2.1440e+00 4.9200e-01 2.1520e+00 5.5400e-01 2.1210e+00 5.2600e-01 2.0820e+00 5.4600e-01 2.1200e+00 6.5900e-01 2.1230e+00 5.9800e-01
1.1800e+01 2.0540e+00 2.3300e-01 2.0390e+00 2.7200e-01 2.0700e+00 3.4100e-01 2.1260e+00 3.7600e-01 2.1550e+00 4.4700e-01 2.1170e+00 4.3000e-01 2.0920e+00 4.6600e-01 2.1510e+00 5.5600e-01 2.1380e+00 5.1200e-01
1.2000e+01 1.9670e+00 1.7300e-01 1.9560e+00 2.0900e-01 2.0110e+00 2.6100e-01 2.0710e+00 2.8600e-01 2.1230e+00 3.4800e-01 2.0910e+00 3.4400e-01 2.0810e+00 3.7900e-01 2.1460e+00 4.4900e-01 2.1230e+00 4.4100e-01
1.2500e+01 1.7950e+00 1.5600e-01 1.7870e+00 1.8300e-01 1.8470e+00 1.9600e-01 1.9020e+00 2.0600e-01 1.9660e+00 2.1000e-01 1.9530e+00 2.2200e-01 1.9700e+00 2.3700e-01 2.0190e+00 2.5900e-01 2.0510e+00 3.0400e-01
1.3000e+01 1.7090e+00 1.8000e-01 1.7090e+00 1.9300e-01 1.7530e+00 1.9400e-01 1.7940e+00 1.9400e-01 1.8320e+00 1.8400e-01 1.8280e+00 1.9200e-01 1.8410e+00 1.8200e-01 1.8440e+00 1.9800e-01 1.9280e+00 2.2100e-01
1.3500e+01 1.6580e+00 1.9200e-01 1.6500e+00 1.9900e-01 1.6780e+00 2.0100e-01 1.7120e+00 2.0700e-01 1.7360e+00 2.0200e-01 1.7340e+00 2.0900e-01 1.7350e+00 2.0400e-01 1.7080e+00 2.2400e-01 1.7860e+00 2.2300e-01
1.4000e+01 1.6000e+00 2.0200e-01 1.5880e+00 2.0600e-01 1.6200e+00 2.1300e-01 1.6620e+00 2.2400e-01 1.6780e+00 2.2700e-01 1.6760e+00 2.3800e-01 1.6730e+00 2.3300e-01 1.6290e+00 2.6900e-01 1.6910e+00 2.7100e-01
1.4500e+01 1.5420e+00 2.0800e-01 1.5260e+00 2.1100e-01 1.5600e+00 2.2600e-01 1.5940e+00 2.4000e-01 1.6200e+00 2.4500e-01 1.6230e+00 2.5900e-01 1.6170e+00 2.5200e-01 1.5550e+00 3.0500e-01 1.6120e+00 3.2200e-01
1.5000e+01 1.4640e+00 2.2700e-01 1.4430e+00 2.2500e-01 1.4800e+00 2.4100e-01 1.5190e+00 2.4600e-01 1.5360e+00 2.6000e-01 1.5560e+00 2.8600e-01 1.5460e+00 2.7500e-01 1.4530e+00 3.4500e-01 1.5270e+00 3.8200e-01
1.5500e+01 1.3630e+00 2.8800e-01 1.3430e+00 2.8400e-01 1.3840e+00 2.9500e-01 1.4270e+00 3.1000e-01 1.4480e+00 3.1800e-01 1.4710e+00 3.3300e-01 1.4640e+00 3.3000e-01 1.3520e+00 4.5800e-01 1.4280e+00 4.9300e-01
1.6000e+01 1.2760e+00 4.0100e-01 1.2600e+00 3.9200e-01 1.3040e+00 3.9800e-01 1.3470e+00 4.0200e-01 1.3770e+00 4.2600e-01 1.4080e+00 4.3200e-01 1.3980e+00 4.2400e-01 1.2910e+00 6.1200e-01 1.3810e+00 6.5300e-01
1.6500e+01 1.2440e+00 5.4100e-01 1.2240e+00 5.3000e-01 1.2670e+00 5.3100e-01 1.3070e+00 5.3500e-01 1.3510e+00 5.5000e-01 1.3830e+00 5.4900e-01 1.3700e+00 5.4000e-01 1.3030e+00 7.8200e-01 1.4090e+00 8.1900e-01
1.7000e+01 1.2630e+00 6.8700e-01 1.2400e+00 6.7000e-01 1.2780e+00 6.6300e-01 1.3120e+00 6.6900e-01 1.3660e+00 6.7400e-01 1.3920e+00 6.6200e-01 1.3800e+00 6.4900e-01 1.3560e+00 9.2000e-01 1.4840e+00 9.4800e-01
1.7500e+01 1.3230e+00 8.1200e-01 1.2890e+00 8.0200e-01 1.3210e+00 7.8700e-01 1.3500e+00 7.9400e-01 1.4090e+00 7.8400e-01 1.4310e+00 7.6900e-01 1.4100e+00 7.5100e-01 1.4370e+00 1.0340e+00 1.5760e+00 1.0360e+00
1.8000e+01 1.4100e+00 9.1300e-01 1.3700e+00 9.0800e-01 1.3930e+00 8.8800e-01 1.4210e+00 9.0500e-01 1.4750e+00 8.7600e-01 1.4900e+00 8.5900e-01 1.4590e+00 8.3400e-01 1.5310e+00 1.1160e+00 1.6640e+00 1.0880e+00
1.8500e+01 1.5140e+00 9.7800e-01 1.4700e+00 9.8000e-01 1.4850e+00 9.5800e-01 1.5160e+00 9.8000e-01 1.5540e+00 9.4000e-01 1.5620e+00 9.2300e-01 1.5150e+00 8.9400e-01 1.6280e+00 1.1630e+00 1.7390e+00 1.1210e+00
1.9000e+01 1.6160e+00 1.0100e+00 1.5730e+00 1.0200e+00 1.5680e+00 1.0000e+00 1.5990e+00 1.0300e+00 1.6280e+00 9.8000e-01 1.6290e+00 9.6700e-01 1.5590e+00 9.4000e-01 1.7080e+00 1.1920e+00 1.7980e+00 1.1470e+00
1.9500e+01 1.7130e+00 1.0200e+00 1.6720e+00 1.0400e+00 1.6490e+00 1.0300e+00 1.6910e+00 1.0600e+00 1.6910e+00 1.0070e+00 1.6850e+00 1.0040e+00 1.5870e+00 9.8800e-01 1.7850e+00 1.2120e+00 1.8550e+00 1.1730e+00
2.0000e+01 1.7940e+00 1.0200e+00 1.7550e+00 1.0400e+00 1.7170e+00 1.0500e+00 1.7780e+00 1.0800e+00 1.7420e+00 1.0420e+00 1.7380e+00 1.0490e+00 1.6040e+00 1.0670e+00 1.8490e+00 1.2260e+00 1.9030e+00 1.2000e+00
2.1000e+01 1.9160e+00 9.7700e-01 1.8900e+00 1.0100e+00 1.8700e+00 1.0900e+00 1.9380e+00 1.1000e+00 1.9060e+00 1.1530e+00 1.9180e+00 1.1720e+00 1.8070e+00 1.3460e+00 1.9560e+00 1.2310e+00 2.0030e+00 1.2450e+00
2.2000e+01 1.9930e+00 9.3500e-01 1.9790e+00 9.6700e-01 2.0350e+00 1.0300e+00 2.0900e+00 1.0300e+00 2.1410e+00 1.0660e+00 2.1740e+00 1.0970e+00 2.2240e+00 1.2500e+00 2.0250e+00 1.2440e+00 2.1010e+00 1.2850e+00
2.3000e+01 2.0500e+00 9.0400e-01 2.0460e+00 9.2800e-01 2.1040e+00 9.5400e-01 2.1550e+00 9.5000e-01 2.2040e+00 9.4500e-01 2.2610e+00 9.5900e-01 2.3310e+00 1.0310e+00 2.0990e+00 1.2790e+00 2.2030e+00 1.3200e+00
2.4000e+01 2.0950e+00 8.8400e-01 2.0930e+00 8.9900e-01 2.1360e+00 9.0900e-01 2.1840e+00 8.9800e-01 2.2140e+00 8.8500e-01 2.2770e+00 8.7700e-01 2.3300e+00 9.1400e-01 2.1820e+00 1.3220e+00 2.3050e+00 1.3470e+00
2.5000e+01 2.1420e+00 8.6700e-01 2.1360e+00 8.7900e-01 2.1660e+00 8.8600e-01 2.2040e+00 8.7300e-01 2.2250e+00 8.6200e-01 2.2850e+00 8.3500e-01 2.3240e+00 8.5900e-01 2.2930e+00 1.3480e+00 2.4140e+00 1.3640e+00
2.6000e+01 2.1820e+00 8.4700e-01 2.1740e+00 8.6100e-01 2.1970e+00 8.7300e-01 2.2210e+00 8.6500e-01 2.2420e+00 8.5500e-01 2.2920e+00 8.1400e-01 2.3210e+00 8.3400e-01 2.3960e+00 1.3520e+00 2.5240e+00 1.3680e+00
2.7000e+01 2.2240e+00 8.3200e-01 2.2140e+00 8.4200e-01 2.2340e+00 8.6100e-01 2.2540e+00 8.6300e-01 2.2720e+00 8.5400e-01 2.3140e+00 8.0700e-01 2.3360e+00 8.2700e-01 2.4980e+00 1.3460e+00 2.6480e+00 1.3570e+00
2.8000e+01 2.2630e+00 8.1300e-01 2.2560e+00 8.2300e-01 2.2730e+00 8.5000e-01 2.2900e+00 8.6500e-01 2.3070e+00 8.5300e-01 2.3400e+00 8.0200e-01 2.3570e+00 8.2100e-01 2.6070e+00 1.3220e+00 2.7670e+00 1.3160e+00
2.9000e+01 2.2990e+00 7.9500e-01 2.2920e+00 8.1000e-01 2.3110e+00 8.3800e-01 2.3420e+00 8.6400e-01 2.3470e+00 8.4900e-01 2.3710e+00 7.9600e-01 2.3840e+00 8.1800e-01 2.7030e+00 1.2950e+00 2.8630e+00 1.2560e+00
3.0000e+01 2.3330e+00 7.7400e-01 2.3260e+00 7.8500e-01 2.3510e+00 8.2000e-01 2.3930e+00 8.4100e-01 2.3890e+00 8.3800e-01 2.4060e+00 7.8600e-01 2.4160e+00 8.0800e-01 2.7890e+00 1.2340e+00 2.9370e+00 1.1800e+00
3.2000e+01 2.3950e+00 7.2700e-01 2.3910e+00 7.3700e-01 2.4220e+00 7.7400e-01 2.4640e+00 7.8500e-01 2.4660e+00 8.0000e-01 2.4760e+00 7.5300e-01 2.4800e+00 7.8200e-01 2.8980e+00 1.1040e+00 3.0250e+00 1.0400e+00
3.4000e+01 2.4440e+00 6.7300e-01 2.4410e+00 6.8100e-01 2.4770e+00 7.1900e-01 2.5120e+00 7.3000e-01 2.5260e+00 7.5000e-01 2.5350e+00 7.0700e-01 2.5380e+00 7.4300e-01 2.9560e+00 9.9700e-01 3.0660e+00 9.2500e-01
3.6000e+01 2.4700e+00 6.1900e-01 2.4720e+00 6.2400e-01 2.5110e+00 6.6500e-01 2.5520e+00 6.8000e-01 2.5670e+00 6.9800e-01 2.5770e+00 6.5200e-01 2.5740e+00 6.9700e-01 2.9760e+00 9.1000e-01 3.0850e+00 8.3300e-01
3.8000e+01 2.4940e+00 5.7200e-01 2.4980e+00 5.7300e-01 2.5390e+00 6.1400e-01 2.5820e+00 6.2600e-01 2.5980e+00 6.4800e-01 2.6040e+00 5.9800e-01 2.6150e+00 6.5500e-01 3.0170e+00 8.3900e-01 3.1010e+00 7.6000e-01
4.0000e+01 2.5040e+00 5.3200e-01 2.5040e+00 5.3500e-01 2.5520e+00 5.7200e-01 2.5870e+00 5.8400e-01 2.6140e+00 6.0500e-01 2.6170e+00 5.5200e-01 2.6360e+00 6.1100e-01 3.0220e+00 7.7000e-01 3.1000e+00 7.0000e-01
4.5000e+01 2.5170e+00 4.6300e-01 2.5220e+00 4.5900e-01 2.5740e+00 4.9400e-01 2.6080e+00 5.2700e-01 2.6390e+00 5.3000e-01 2.6270e+00 4.7700e-01 2.6670e+00 5.2800e-01 3.0310e+00 6.8000e-01 3.1010e+00 6.0500e-01
5.0000e+01 2.5280e+00 4.1600e-01 2.5320e+00 4.1300e-01 2.5870e+00 4.4700e-01 2.6400e+00 4.6300e-01 2.6560e+00 4.8200e-01 2.6390e+00 4.2300e-01 2.6800e+00 4.8000e-01 3.0500e+00 6.2800e-01 3.1010e+00 5.4400e-01
5.5000e+01 2.5420e+00 3.7700e-01 2.5530e+00 3.5700e-01 2.5970e+00 4.0300e-01 2.6470e+00 4.2600e-01 2.6800e+00 4.4000e-01 2.6500e+00 3.8100e-01 2.7040e+00 4.2400e-01 3.0810e+00 5.4900e-01 3.1150e+00 4.8800e-01
6.0000e+01 2.5490e+00 3.4900e-01 2.5480e+00 3.2400e-01 2.6020e+00 3.7100e-01 2.6600e+00 3.8600e-01 2.6930e+00 4.0100e-01 2.6540e+00 3.6400e-01 2.7110e+00 3.9100e-01 3.0920e+00 5.0100e-01 3.1250e+00 4.4800e-01
6.5000e+01 2.5580e+00 3.1700e-01 2.5430e+00 2.9300e-01 2.6100e+00 3.4100e-01 2.6630e+00 3.5500e-01 2.6980e+00 3.6700e-01 2.6620e+00 3.2700e-01 2.7150e+00 3.5200e-01 3.0980e+00 4.5000e-01 3.1260e+00 4.1400e-01
7.0000e+01 2.5620e+00 3.0100e-01 2.5450e+00 2.7800e-01 2.6200e+00 3.2200e-01 2.6710e+00 3.3200e-01 2.7060e+00 3.4400e-01 2.6720e+00 3.0500e-01 2.7160e+00 3.3300e-01 3.0980e+00 4.1800e-01 3.1260e+00 3.8400e-01
7.5000e+01 2.5720e+00 2.8200e-01 2.5510e+00 2.6200e-01 2.6270e+00 3.0000e-01 2.6770e+00 3.1900e-01 2.7160e+00 3.2200e-01 2.6710e+00 2.9000e-01 2.7240e+00 3.1700e-01 3.0980e+00 3.9000e-01 3.1260e+00 3.5900e-01
8.0000e+01 2.5800e+00 2.5500e-01 2.5550e+00 2.4400e-01 2.6360e+00 2.7300e-01 2.6930e+00 2.9000e-01 2.7230e+00 3.0100e-01 2.6860e+00 2.7000e-01 2.7340e+00 2.9800e-01 3.0980e+00 3.6600e-01 3.1260e+00 3.3600e-01
1.0000e+02 2.5800e+00 2.0000e-01 2.5550e+00 1.9500e-01 2.6360e+00 2.2000e-01 2.6930e+00 2.3000e-01 2.7230e+00 2.4000e-01 2.6860e+00 2.2000e-01 2.7340e+00 2.4000e-01 3.0980e+00 2.9200e-01 3.1260e+00 2.6900e-01
2.0000e+02 2.5800e+00 1.0000e-01 2.5550e+00 1.0000e-01 2.6360e+00 1.1000e-01 2.6930e+00 1.1500e-01 2.7230e+00 1.2000e-01 2.6860e+00 1.1000e-01 2.7340e+00 1.2000e-01 3.0980e+00 1.4600e-01 3.1260e+00 1.3500e-01
5.0000e+02 2.5800e+00 4.0000e-02 2.5550e+00 3.9000e-02 2.6360e+00 4.4000e-02 2.6930e+00 4.6000e-02 2.7230e+00 4.8000e-02 2.6860e+00 4.4000e-02 2.7340e+00 4.8000e-02 3.0980e+00 5.8000e-02 3.1260e+00 5.4000e-02
