1.427637520406616956e+00
1.437810801088004853e+00
1.429630934797306185e+00
1.429698441064450876e+00
1.413981611542051153e+00
1.350439115676676627e+00
1.251017288262365135e+00
1.152039760116909672e+00
1.075635420624657668e+00
1.015589042934985198e+00
9.489747025020820459e-01
8.541833665205946780e-01
6.831743496853910358e-01
4.442214285196688373e-01
3.058131839308243505e-01
2.266905958552755118e-01
1.775863431315825025e-01
1.465235053911975172e-01
1.263299004308700846e-01
1.130771371114812351e-01
9.990895920499172356e-02
9.398446001724036769e-02
8.793247203765083841e-02
7.905547117447510319e-02
6.819239374659626096e-02
5.700863788814217181e-02
4.683693869350983446e-02
3.828637103573078598e-02
3.118501552264053150e-02
2.543912702075411952e-02
2.091387897389043737e-02
1.708569037664296741e-02
1.109898106686640212e-02
7.268908033926605589e-03
5.653131778969687840e-03
4.700520033198450631e-03
4.132260902198663446e-03
3.063557217470893029e-03
2.395674886091339606e-03
2.023191261408410681e-03
1.911805453158320258e-03
1.904985496764013053e-03
1.765112470413502310e-03
1.669881004733684161e-03
1.723464734450652278e-03
1.925166611242342838e-03
2.970111326676384399e-03
4.900073148266703184e-03
1.175128147693036036e-02
2.264670556601982090e-02
3.696605270823379030e-02
5.753280894580263538e-02
8.031323456517454329e-02
1.003099763565733493e-01
1.130477351816832204e-01
1.176357979332744164e-01
1.139081688000622011e-01
1.055486654879134595e-01
9.655067988828805459e-02
8.665448057838283369e-02
7.560205242400126757e-02
6.603369906265608991e-02
5.742718759950247304e-02
4.923481261650033275e-02
4.093957043458663209e-02
3.361613907693937475e-02
2.717036003345121159e-02
1.700338024527042399e-02
1.449825419975216655e-02
1.763562506703807500e-02
2.172572211850230112e-02
2.518826624137876155e-02
2.977219777016282265e-02
4.122284457953113296e-02
5.587810422636194096e-02
6.813441244403103947e-02
7.296972390351956494e-02
7.198446236577454860e-02
6.735266127423075733e-02
6.128476809167960476e-02
5.616976176050119535e-02
5.148224963870696308e-02
4.768859660365502157e-02
4.144502967943761162e-02
3.748973257643875567e-02
3.416414672773977063e-02
3.106157022861238612e-02
2.752349163453635117e-02
2.444782244164300442e-02
2.172293320890223561e-02
1.911756317323047225e-02
1.699515122520017449e-02
1.498898525886106607e-02
1.205292073292480066e-02
1.008777944776322738e-02
8.739116454300241421e-03
7.515207992332831669e-03
6.612791866235106022e-03
5.234651504037056771e-03
4.323631064111685234e-03
3.394022685373133258e-03
2.832239911037217738e-03
2.350650987685249695e-03
2.033852899811296709e-03
1.775602928279222193e-03
1.565367509645870445e-03
1.004561371681015128e-03
2.529436484269844093e-04
4.027454678438900735e-05
