2.448555460297978215e+00
2.191172141171640053e+00
2.154475602109588550e+00
2.145627822280490538e+00
2.089552138376419510e+00
2.027540402540561004e+00
2.011903428650018810e+00
2.029240698426695744e+00
1.995287768197831380e+00
1.870832398538190500e+00
1.663413885071910236e+00
1.436834607778642692e+00
1.148098831106802553e+00
8.136067129497771555e-01
6.037020178522796154e-01
4.506082603056341118e-01
3.354705448662619882e-01
2.521213194017533632e-01
1.929834228782005556e-01
1.502865555401177999e-01
9.441992779350266707e-02
6.041390020171961278e-02
4.094926458316502926e-02
2.869360416731573521e-02
2.052645098702364848e-02
1.519910872755301547e-02
1.131988441728186238e-02
8.696328084617406529e-03
6.754828585084501728e-03
5.281427222006279676e-03
4.224819750730149370e-03
3.426891123511974571e-03
2.298934152877697788e-03
1.607517293574778350e-03
1.162278513034316731e-03
8.541663040240413552e-04
6.391537121599575764e-04
3.345422570975860148e-04
1.917238393286251638e-04
1.157395018870219163e-04
7.213914572383814264e-05
4.616388683772288488e-05
2.909446226520716783e-05
1.846668599208228391e-05
1.136804616849765813e-05
5.835553314862340028e-06
1.612566457717887957e-06
1.599915605513267967e-06
3.125501580835463526e-06
5.811937909220627916e-06
1.047058308469277576e-05
1.530621950548805108e-05
1.709786525787533728e-05
1.850064425251368860e-05
1.885597973758529219e-05
1.784423793042803574e-05
1.646267655926004434e-05
1.534484563086791883e-05
1.429752902067474193e-05
1.331042890125750499e-05
1.230848642502395766e-05
1.122602959699434719e-05
1.014179254187900249e-05
9.075829775638188192e-06
8.081390054718175475e-06
7.086567178982562661e-06
6.168367749700934903e-06
4.209902523256646819e-06
2.952051228985878351e-06
2.179192146126848607e-06
1.727881190677256377e-06
1.379235180944810189e-06
1.082194797027143450e-06
8.567650903916620972e-07
8.435517206061037945e-07
9.790995933439906464e-07
1.160047695733083952e-06
1.333693803888794535e-06
1.438699995397695489e-06
1.450849652489984691e-06
1.402603978565918757e-06
1.336191217151531676e-06
1.282285318344465098e-06
1.209443969016806570e-06
9.705651554375496810e-07
7.539186051928446653e-07
6.060372722906132949e-07
5.027231460888117963e-07
4.253466534767664859e-07
3.675345753578969722e-07
3.202798278470806071e-07
2.809675876848784313e-07
2.475550647061406792e-07
1.936296455161375446e-07
1.525804398352517361e-07
1.209250788516202371e-07
9.667793405960859305e-08
7.801349835322840093e-08
4.784124766317735946e-08
3.112505594389636950e-08
2.116517046329775900e-08
1.491857925899219954e-08
1.079425034164827678e-08
8.034511606775967750e-09
6.077452851779153845e-09
4.716749532781700088e-09
1.918066909159890826e-09
1.185850516840935342e-10
3.026468383801200504e-12
